0 0.502667 0.392188 0.120976 0.028863
1 0.207492 0.209387 0.158089 0.225374
2 0.496886 0.246640 0.078976 0.027478
2 0.498057 0.867418 0.078976 0.027478
2 0.073154 0.546760 0.078976 0.027478
7 0.499610 0.177438 0.153756 0.228554
7 0.080000 0.459726 0.153756 0.228544
6 0.642146 0.953928 0.147057 0.089990
4 0.353122 0.951067 0.144650 0.091087
3 0.498329 0.955070 0.140252 0.088066
9 0.498744 0.783794 0.167081 0.230518
11 0.458951 0.761765 0.082732 0.141157
11 0.542252 0.761765 0.082797 0.141157
11 0.581821 0.487901 0.081593 0.146311
11 0.498813 0.489372 0.083333 0.147777
11 0.416980 0.488634 0.080333 0.146301
11 0.334545 0.486062 0.083333 0.147039
