0 0.509819 0.396170 0.134699 0.031336
1 0.125944 0.657629 0.147912 0.212439
1 0.143198 0.287598 0.147922 0.212426
2 0.494955 0.873248 0.092721 0.030294
2 0.875397 0.742237 0.092721 0.030282
2 0.856802 0.367371 0.092721 0.030282
2 0.491230 0.255172 0.092721 0.030294
2 0.144262 0.371262 0.092721 0.030294
2 0.128850 0.743536 0.092721 0.030282
7 0.843579 0.287702 0.164689 0.244056
7 0.875487 0.670502 0.164689 0.244069
7 0.500387 0.171814 0.164689 0.244069
8 0.503504 0.336146 0.077309 0.092096
8 0.242801 0.407384 0.077309 0.092096
8 0.248248 0.593560 0.077319 0.092096
8 0.499613 0.637261 0.077319 0.092096
8 0.742415 0.594516 0.077319 0.092096
6 0.641195 0.952384 0.140100 0.084203
4 0.358730 0.954841 0.144568 0.090319
5 0.499262 0.950074 0.135010 0.095441
9 0.500879 0.779363 0.174147 0.230588
11 0.536265 0.774026 0.072008 0.109767
11 0.463128 0.775116 0.068404 0.113419
