0 0.505899 0.395698 0.131840 0.033381
1 0.781511 0.212702 0.152468 0.234439
2 0.795165 0.297539 0.108266 0.040065
2 0.929596 0.551181 0.108255 0.040065
2 0.804729 0.825046 0.108266 0.040065
2 0.502394 0.875255 0.108255 0.040065
2 0.072532 0.551834 0.108255 0.040065
2 0.503984 0.257761 0.108266 0.040065
2 0.205899 0.824393 0.108266 0.040065
7 0.921840 0.459380 0.145426 0.220744
7 0.810117 0.736358 0.145426 0.220731
7 0.084043 0.477559 0.145426 0.220731
7 0.499612 0.172918 0.145415 0.220744
7 0.196106 0.739223 0.145426 0.220744
9 0.501149 0.775326 0.184532 0.245640
11 0.346229 0.484902 0.079138 0.135366
11 0.424734 0.485268 0.074404 0.134634
11 0.502069 0.485640 0.076798 0.133890
11 0.580011 0.484902 0.078000 0.135366
11 0.657043 0.486743 0.075000 0.134634
11 0.826415 0.192826 0.074404 0.126540
11 0.750569 0.195039 0.076202 0.132428
11 0.540739 0.766678 0.077394 0.130953
11 0.462234 0.767781 0.080936 0.133159
