0 0.504793 0.396750 0.120967 0.028873
1 0.209618 0.210683 0.158098 0.225374
2 0.212447 0.301496 0.078976 0.027478
2 0.498057 0.870279 0.078976 0.027478
2 0.494943 0.253779 0.078976 0.027478
2 0.074707 0.549626 0.078976 0.027468
7 0.494943 0.178390 0.153756 0.228544
7 0.077045 0.472323 0.153748 0.228554
8 0.242801 0.362577 0.062610 0.074925
6 0.642146 0.953928 0.147057 0.089990
4 0.353122 0.951067 0.144650 0.091087
5 0.501146 0.957358 0.136569 0.085284
9 0.498744 0.783794 0.167081 0.230518
11 0.458951 0.761765 0.082732 0.141157
11 0.542252 0.761765 0.082797 0.141157
11 0.581520 0.486800 0.082195 0.147039
11 0.498516 0.486795 0.082740 0.144098
11 0.416683 0.486431 0.082130 0.144826
11 0.334248 0.483490 0.083927 0.141894
