0 0.506207 0.393884 0.131840 0.033381
1 0.082021 0.462846 0.146511 0.223081
1 0.213862 0.202637 0.152468 0.234439
1 0.500798 0.161919 0.152468 0.234439
1 0.787197 0.204295 0.152479 0.234439
2 0.079968 0.544014 0.108255 0.040065
2 0.922160 0.543362 0.108255 0.040065
2 0.810043 0.818525 0.108255 0.040078
2 0.504516 0.868081 0.108266 0.040078
7 0.921840 0.459380 0.145426 0.220744
7 0.810117 0.736358 0.145426 0.220731
8 0.498835 0.629393 0.081926 0.098107
8 0.501947 0.319980 0.081915 0.098107
8 0.756420 0.362957 0.081926 0.098107
8 0.244356 0.355320 0.081926 0.098107
8 0.207782 0.483283 0.081926 0.098107
6 0.501170 0.927350 0.138936 0.045561
4 0.361527 0.927258 0.139138 0.041253
9 0.502351 0.776880 0.184532 0.245640
11 0.462532 0.760790 0.077936 0.130953
11 0.542239 0.761162 0.077989 0.133159
