0 0.500921 0.394414 0.120369 0.031293
1 0.212576 0.213985 0.140270 0.208030
1 0.498939 0.167419 0.142760 0.217162
1 0.787461 0.214601 0.142752 0.217162
1 0.797555 0.738869 0.142760 0.217172
2 0.211482 0.298131 0.083342 0.031010
2 0.505844 0.252611 0.083350 0.031000
2 0.785336 0.299141 0.083350 0.031010
2 0.920827 0.550131 0.083342 0.031010
2 0.802338 0.825369 0.083350 0.031000
2 0.500000 0.869934 0.083342 0.031000
2 0.072793 0.552753 0.083342 0.031000
1 0.076654 0.465929 0.140270 0.208020
1 0.918677 0.467848 0.140270 0.208020
8 0.497666 0.639652 0.063063 0.075909
8 0.700000 0.619490 0.063063 0.075909
6 0.639717 0.928061 0.139304 0.047030
4 0.360618 0.928843 0.140074 0.044919
3 0.502563 0.928268 0.134480 0.041465
9 0.499152 0.782924 0.142056 0.204859
11 0.536269 0.770237 0.073735 0.127182
11 0.461929 0.769131 0.074947 0.127919
