0 0.504425 0.392786 0.131981 0.033208
1 0.920298 0.469221 0.152630 0.233221
1 0.503184 0.162078 0.152630 0.233221
1 0.213067 0.215857 0.152630 0.233221
2 0.788562 0.301182 0.108371 0.039870
2 0.082183 0.547675 0.108371 0.039870
2 0.211438 0.301182 0.108371 0.039870
2 0.922077 0.552500 0.108371 0.031494
2 0.807646 0.826903 0.108371 0.039857
2 0.502923 0.873565 0.084462 0.034662
2 0.502386 0.252156 0.090841 0.032078
2 0.200852 0.824955 0.108371 0.039857
7 0.801949 0.751013 0.145580 0.219584
7 0.794941 0.215773 0.145580 0.219597
7 0.504670 0.788026 0.145570 0.219584
7 0.199617 0.741526 0.145580 0.219597
7 0.082098 0.470110 0.145580 0.219597
8 0.246305 0.361916 0.082002 0.097597
9 0.496470 0.764623 0.184718 0.244364
11 0.582119 0.484266 0.076741 0.135987
11 0.504180 0.487188 0.074345 0.137442
11 0.425942 0.486455 0.076145 0.137455
11 0.348003 0.484266 0.079734 0.135987
