0 0.505490 0.395708 0.131981 0.033208
1 0.193408 0.736831 0.152630 0.233221
2 0.922077 0.552500 0.108371 0.031494
2 0.807646 0.826903 0.108371 0.039857
2 0.502923 0.873565 0.084462 0.034662
2 0.073323 0.554753 0.108371 0.039870
2 0.783738 0.295565 0.108371 0.039857
2 0.503717 0.256039 0.108371 0.039870
2 0.218381 0.296214 0.108371 0.039857
7 0.078988 0.471058 0.140085 0.232506
7 0.786384 0.213877 0.140075 0.232506
7 0.497668 0.172110 0.140085 0.232506
7 0.212838 0.216721 0.140075 0.232506
7 0.802721 0.741526 0.140075 0.232506
7 0.922567 0.468208 0.140085 0.232519
6 0.640751 0.949695 0.144696 0.084403
4 0.356858 0.950831 0.139297 0.088857
3 0.498807 0.949688 0.142215 0.084026
11 0.541949 0.769753 0.077934 0.138182
11 0.463115 0.768656 0.074941 0.135987
11 0.499984 0.484987 0.079137 0.138909
11 0.421747 0.483162 0.073738 0.135260
11 0.344707 0.483896 0.076741 0.132338
