0 0.506267 0.395916 0.131981 0.033208
1 0.916576 0.464039 0.152641 0.233221
2 0.922077 0.552500 0.108371 0.031494
2 0.807646 0.826903 0.108371 0.039857
2 0.502923 0.873565 0.084462 0.034662
2 0.198195 0.825604 0.108381 0.039857
2 0.781086 0.296857 0.108371 0.039870
2 0.502657 0.254740 0.108381 0.039870
2 0.210942 0.298805 0.108381 0.039870
7 0.786384 0.210078 0.140075 0.232519
7 0.502332 0.175916 0.140085 0.232506
7 0.215953 0.211026 0.140085 0.232519
7 0.194164 0.731084 0.140085 0.232506
7 0.805059 0.749110 0.140085 0.232506
8 0.797279 0.488136 0.082013 0.097597
8 0.705447 0.610565 0.082013 0.097597
8 0.503892 0.633331 0.082013 0.097597
6 0.644483 0.950831 0.144686 0.084390
4 0.357790 0.954247 0.139286 0.088857
5 0.500671 0.950825 0.137274 0.084273
11 0.463115 0.768656 0.074941 0.135987
11 0.541347 0.766468 0.075538 0.138909
