0 0.505549 0.393207 0.134707 0.033958
1 0.787603 0.219509 0.155793 0.238486
2 0.213641 0.303068 0.089609 0.024622
2 0.081413 0.552782 0.099674 0.030452
2 0.500239 0.873765 0.099674 0.030452
2 0.926516 0.553539 0.099685 0.030452
2 0.786543 0.301129 0.099674 0.030438
2 0.201207 0.827131 0.099674 0.030438
7 0.924832 0.473433 0.142967 0.237756
7 0.204223 0.734336 0.142967 0.237756
7 0.080755 0.479130 0.142967 0.237756
7 0.216647 0.237205 0.142967 0.237756
6 0.643549 0.948984 0.147685 0.086308
4 0.356549 0.944436 0.142163 0.090863
3 0.503777 0.946707 0.145141 0.085923
11 0.458848 0.767530 0.075978 0.131554
11 0.539283 0.770086 0.079022 0.141049
11 0.502190 0.489057 0.077837 0.131554
11 0.423527 0.487961 0.073641 0.127902
11 0.344886 0.486135 0.080163 0.130093
11 0.579408 0.488679 0.074337 0.132576
