0 0.509613 0.395582 0.134689 0.031336
1 0.125944 0.657629 0.147912 0.212439
1 0.873273 0.655331 0.147912 0.212426
2 0.494955 0.873248 0.092721 0.030294
2 0.875397 0.742237 0.092721 0.030282
2 0.856802 0.367371 0.092721 0.030282
2 0.491230 0.255172 0.092721 0.030294
2 0.144262 0.371262 0.092721 0.030294
2 0.128850 0.743536 0.092721 0.030282
7 0.144744 0.280104 0.164689 0.244056
7 0.843579 0.287702 0.164689 0.244056
7 0.500387 0.171814 0.164689 0.244069
6 0.641195 0.952384 0.140100 0.084203
4 0.358730 0.954841 0.144568 0.090319
3 0.499754 0.952923 0.140653 0.089498
9 0.500939 0.780159 0.174147 0.230588
11 0.536265 0.774026 0.072008 0.109767
11 0.463128 0.775116 0.068404 0.113419
11 0.573434 0.488627 0.070803 0.121471
11 0.499694 0.484602 0.069608 0.109032
11 0.427751 0.487904 0.067209 0.117083
11 0.357636 0.489730 0.073143 0.117819
