0 0.503265 0.392758 0.119042 0.027824
1 0.201912 0.739140 0.153709 0.215647
2 0.789587 0.299304 0.081943 0.026899
2 0.926677 0.550174 0.081943 0.026899
2 0.503722 0.872720 0.081943 0.026899
2 0.196065 0.825152 0.081943 0.026888
2 0.078638 0.552127 0.081943 0.026888
2 0.213070 0.297350 0.081952 0.026888
2 0.806588 0.825805 0.081943 0.026888
7 0.800386 0.739538 0.145546 0.216703
7 0.922569 0.468504 0.145546 0.216703
7 0.787937 0.215604 0.145546 0.216714
7 0.212844 0.214652 0.145546 0.216703
7 0.089880 0.463732 0.145546 0.216714
8 0.758363 0.361616 0.068332 0.081774
8 0.796500 0.481866 0.068332 0.081774
8 0.500776 0.631703 0.068332 0.081774
8 0.303891 0.608798 0.068332 0.081774
6 0.641690 0.949369 0.141109 0.089075
4 0.359676 0.952769 0.138500 0.088150
5 0.499281 0.952203 0.134002 0.083188
9 0.504938 0.782155 0.153904 0.204744
11 0.462529 0.766534 0.077338 0.130131
11 0.540736 0.765800 0.075599 0.128662
