0 0.503467 0.393490 0.120967 0.028873
1 0.498671 0.168983 0.158089 0.225384
2 0.498053 0.249960 0.075081 0.024646
2 0.200776 0.823519 0.075081 0.024646
2 0.501947 0.871236 0.075081 0.024646
2 0.790663 0.300543 0.075081 0.024636
2 0.926850 0.553440 0.075081 0.024646
2 0.805451 0.829242 0.075081 0.024646
7 0.499610 0.177438 0.153756 0.228554
7 0.189882 0.735723 0.153748 0.228554
7 0.918289 0.458006 0.153748 0.228554
7 0.807004 0.738584 0.153748 0.228554
6 0.642146 0.953928 0.147057 0.089990
4 0.353122 0.951067 0.144650 0.091087
3 0.498329 0.955070 0.140252 0.088066
9 0.498744 0.783794 0.167081 0.230518
11 0.458951 0.761765 0.082732 0.141157
11 0.542252 0.761765 0.082797 0.141157
11 0.581821 0.487901 0.081593 0.146311
11 0.498813 0.489372 0.083333 0.147777
11 0.416980 0.488634 0.080333 0.146301
11 0.334545 0.486062 0.083333 0.147039
