0 0.505202 0.393110 0.131981 0.033208
1 0.076512 0.464688 0.152641 0.233221
1 0.920298 0.469221 0.152630 0.233221
1 0.802870 0.738779 0.152641 0.233221
2 0.788562 0.301182 0.108371 0.039870
2 0.082183 0.547675 0.108371 0.039870
2 0.211438 0.301182 0.108371 0.039870
2 0.922077 0.552500 0.108371 0.031494
2 0.196070 0.828195 0.108371 0.039870
2 0.502657 0.872909 0.108381 0.039870
2 0.807646 0.826903 0.108371 0.039857
7 0.782151 0.221422 0.145580 0.219597
7 0.208168 0.221461 0.145580 0.219597
7 0.190277 0.745318 0.145580 0.219597
8 0.801944 0.487188 0.082013 0.097597
6 0.640740 0.932013 0.140032 0.050260
4 0.359659 0.930305 0.139297 0.038792
5 0.500671 0.932006 0.137274 0.042195
9 0.498472 0.767195 0.184718 0.244364
11 0.461613 0.766831 0.079137 0.135247
11 0.540453 0.767201 0.076134 0.131597
11 0.501778 0.490110 0.080341 0.141831
11 0.344707 0.487182 0.077934 0.138909
11 0.421448 0.488649 0.073142 0.138909
