0 0.504276 0.392435 0.131981 0.033208
1 0.078110 0.467273 0.152641 0.233221
1 0.211475 0.213922 0.152641 0.233221
1 0.500532 0.171805 0.152630 0.233221
1 0.922950 0.460143 0.152630 0.233221
2 0.922077 0.552500 0.108371 0.031494
2 0.502923 0.873565 0.084462 0.034662
2 0.781086 0.296857 0.108371 0.039870
2 0.502657 0.254740 0.108381 0.039870
2 0.210942 0.298805 0.108381 0.039870
2 0.077577 0.548922 0.108381 0.039870
1 0.802338 0.731000 0.152641 0.233221
7 0.786384 0.210078 0.140075 0.232519
8 0.498445 0.327760 0.082002 0.097597
8 0.801944 0.478643 0.082013 0.097597
8 0.245527 0.369513 0.082002 0.097597
6 0.644483 0.950831 0.144686 0.084390
4 0.357790 0.954247 0.139286 0.088857
5 0.500671 0.950825 0.137274 0.084273
11 0.463115 0.768656 0.074941 0.135987
11 0.541347 0.766468 0.075538 0.138909
