0 0.506779 0.393766 0.129961 0.032159
1 0.210571 0.210807 0.162708 0.233571
1 0.496997 0.165297 0.156393 0.226418
2 0.208554 0.297307 0.098424 0.036418
2 0.498138 0.253642 0.098424 0.036418
2 0.785068 0.296655 0.098414 0.036418
2 0.927998 0.551483 0.098414 0.036418
2 0.804729 0.824567 0.098414 0.036418
2 0.076248 0.550184 0.098414 0.036406
7 0.782877 0.217456 0.158288 0.230024
7 0.919845 0.468499 0.158279 0.230024
7 0.800000 0.738630 0.158279 0.230024
7 0.082490 0.469454 0.158288 0.230012
9 0.506929 0.776269 0.167747 0.240581
11 0.350430 0.484176 0.076741 0.131625
11 0.426243 0.484911 0.072602 0.130154
11 0.501185 0.486382 0.072602 0.134567
11 0.576417 0.483440 0.076799 0.131625
11 0.463743 0.766916 0.076731 0.127948
11 0.540450 0.766548 0.073201 0.128683
