0 0.510422 0.397947 0.134699 0.031336
1 0.125944 0.657629 0.147912 0.212439
2 0.494955 0.873248 0.092721 0.030294
2 0.875397 0.742237 0.092721 0.030282
2 0.856802 0.367371 0.092721 0.030282
2 0.491230 0.255172 0.092721 0.030294
2 0.144262 0.371262 0.092721 0.030294
2 0.128850 0.743536 0.092721 0.030282
7 0.876265 0.645803 0.164679 0.244056
7 0.859142 0.282004 0.164689 0.244056
7 0.501943 0.179418 0.164689 0.244056
7 0.147861 0.278205 0.164679 0.244056
8 0.250582 0.590717 0.077309 0.092096
6 0.641215 0.952377 0.136406 0.079632
4 0.358263 0.953676 0.143635 0.092647
5 0.498328 0.954638 0.136878 0.086311
9 0.500718 0.776973 0.174147 0.230588
11 0.536265 0.774026 0.072008 0.109767
11 0.463128 0.775116 0.068404 0.113419
11 0.357636 0.489363 0.073143 0.118554
11 0.429548 0.490098 0.070803 0.117083
11 0.501195 0.490827 0.070201 0.122929
11 0.571938 0.488995 0.072610 0.126593
11 0.644182 0.489001 0.073203 0.125135
