0 0.505549 0.394243 0.134707 0.033958
1 0.916310 0.468845 0.155793 0.238486
1 0.081560 0.465591 0.155793 0.238486
2 0.081413 0.552782 0.099674 0.030452
2 0.500239 0.873765 0.099674 0.030452
2 0.503451 0.260452 0.099685 0.030438
7 0.503505 0.179582 0.142967 0.237756
8 0.212451 0.481932 0.083707 0.099801
8 0.792217 0.488586 0.083696 0.099801
8 0.500391 0.639768 0.083696 0.099801
6 0.643549 0.948984 0.147685 0.086308
4 0.356549 0.944436 0.142163 0.090863
5 0.501141 0.951109 0.140109 0.086175
9 0.498527 0.771381 0.188533 0.249880
11 0.458848 0.767530 0.075978 0.131554
11 0.539283 0.770086 0.079022 0.141049
