0 0.506555 0.396136 0.131981 0.033208
1 0.193408 0.736831 0.152630 0.233221
1 0.078637 0.456909 0.152630 0.233221
1 0.217854 0.209390 0.152641 0.233221
1 0.499468 0.170506 0.152630 0.233221
1 0.803930 0.737481 0.152630 0.233221
2 0.922077 0.552500 0.108371 0.031494
2 0.807646 0.826903 0.108371 0.039857
2 0.502923 0.873565 0.084462 0.034662
2 0.073323 0.554753 0.108371 0.039870
2 0.198195 0.825604 0.108381 0.039857
2 0.781086 0.296857 0.108371 0.039870
2 0.502657 0.254740 0.108381 0.039870
2 0.210942 0.298805 0.108381 0.039870
7 0.922567 0.468208 0.140085 0.232519
7 0.786384 0.210078 0.140075 0.232519
8 0.208174 0.483396 0.082013 0.097597
8 0.249414 0.363812 0.082002 0.097597
8 0.502332 0.319214 0.082002 0.097597
6 0.642609 0.926338 0.139063 0.042286
4 0.359659 0.926903 0.139297 0.050169
5 0.502540 0.928643 0.137284 0.046636
11 0.541949 0.769753 0.077934 0.138182
11 0.463115 0.768656 0.074941 0.135987
