0 0.504276 0.392721 0.131981 0.033208
1 0.920298 0.469221 0.152630 0.233221
1 0.503184 0.162078 0.152630 0.233221
1 0.213067 0.215857 0.152630 0.233221
1 0.802870 0.730351 0.152641 0.233221
1 0.198195 0.742662 0.152641 0.233221
1 0.084483 0.467922 0.152630 0.233221
2 0.788562 0.301182 0.108371 0.039870
2 0.082183 0.547675 0.108371 0.039870
2 0.211438 0.301182 0.108371 0.039870
2 0.922077 0.552500 0.108371 0.031494
2 0.807646 0.826903 0.108371 0.039857
2 0.502923 0.873565 0.084462 0.034662
2 0.502386 0.252156 0.090841 0.032078
2 0.200852 0.824955 0.108371 0.039857
1 0.784824 0.213870 0.152630 0.233221
8 0.501555 0.326812 0.082002 0.097597
8 0.764590 0.363812 0.082002 0.097597
6 0.646379 0.927494 0.141960 0.045636
4 0.363397 0.925208 0.139297 0.044442
5 0.501608 0.926909 0.137274 0.047844
9 0.496065 0.764104 0.184718 0.244364
11 0.465511 0.763539 0.078541 0.131597
11 0.543445 0.764279 0.076134 0.131597
