0 0.504957 0.395500 0.131981 0.033208
1 0.922423 0.464039 0.152641 0.233221
1 0.800213 0.735532 0.152630 0.233221
2 0.922077 0.552500 0.108371 0.031494
2 0.807646 0.826903 0.108371 0.039857
2 0.502923 0.873565 0.084462 0.034662
2 0.200852 0.824955 0.108371 0.039857
2 0.073323 0.554753 0.108371 0.039870
2 0.783738 0.295565 0.108371 0.039857
2 0.503717 0.256039 0.108371 0.039870
2 0.218381 0.296214 0.108371 0.039857
7 0.198056 0.741526 0.140075 0.232506
7 0.078988 0.471058 0.140085 0.232506
7 0.786384 0.213877 0.140075 0.232506
7 0.497668 0.172110 0.140085 0.232506
7 0.212838 0.216721 0.140075 0.232506
8 0.500777 0.627643 0.082002 0.097597
8 0.699223 0.607714 0.082002 0.097610
8 0.793387 0.486240 0.082002 0.097597
6 0.641235 0.928649 0.138190 0.051325
4 0.360591 0.925779 0.139286 0.045584
5 0.500671 0.926909 0.137274 0.047844
9 0.493658 0.761026 0.184718 0.244364
11 0.541949 0.769753 0.077934 0.138182
11 0.463115 0.768656 0.074941 0.135987
