0 0.503057 0.392403 0.120976 0.028873
1 0.497077 0.159207 0.158089 0.225374
2 0.498057 0.867418 0.078976 0.027478
2 0.073154 0.546760 0.078976 0.027478
2 0.214008 0.294816 0.078976 0.027478
7 0.083427 0.462014 0.153748 0.228554
7 0.210118 0.213699 0.153748 0.228554
8 0.494163 0.326306 0.062602 0.074925
8 0.496500 0.628838 0.062610 0.074925
6 0.642146 0.953928 0.147057 0.089990
4 0.353122 0.951067 0.144650 0.091087
3 0.498329 0.955070 0.140252 0.088066
9 0.498744 0.783794 0.167081 0.230518
11 0.458951 0.761765 0.082732 0.141157
11 0.542252 0.761765 0.082797 0.141157
