0 0.504436 0.395279 0.131981 0.033208
1 0.791709 0.213273 0.152641 0.233221
2 0.922077 0.552500 0.108371 0.031494
2 0.807646 0.826903 0.108371 0.039857
2 0.502923 0.873565 0.084462 0.034662
2 0.200852 0.824955 0.108371 0.039857
2 0.073323 0.554753 0.108371 0.039870
7 0.812029 0.743890 0.140075 0.232506
7 0.198056 0.741526 0.140075 0.232506
7 0.078988 0.471058 0.140085 0.232506
7 0.926459 0.470110 0.140075 0.232506
6 0.642141 0.950266 0.144686 0.084403
4 0.359659 0.950831 0.139297 0.088857
3 0.499286 0.952532 0.142215 0.084026
9 0.494063 0.761539 0.184718 0.244377
11 0.348903 0.483532 0.079744 0.133065
11 0.427141 0.483162 0.073749 0.132325
11 0.504478 0.483896 0.076134 0.133792
11 0.541949 0.769753 0.077934 0.138182
11 0.463115 0.768656 0.074941 0.135987
