0 0.505739 0.395633 0.131840 0.033381
1 0.781638 0.213603 0.152468 0.234439
1 0.193144 0.737023 0.152479 0.234439
2 0.209085 0.300144 0.108255 0.040078
2 0.787723 0.302755 0.108255 0.040078
2 0.918968 0.551834 0.108255 0.040065
2 0.499734 0.870033 0.108255 0.040065
2 0.191553 0.824393 0.108255 0.040065
2 0.070936 0.549230 0.108255 0.040078
7 0.921840 0.459380 0.145426 0.220744
7 0.084043 0.477559 0.145426 0.220731
7 0.498830 0.791749 0.145426 0.220731
7 0.211670 0.219713 0.145426 0.220731
9 0.500750 0.774817 0.184521 0.245640
11 0.340527 0.485640 0.079734 0.135379
11 0.418138 0.487115 0.074404 0.135379
11 0.496372 0.484164 0.078596 0.132428
