0 0.506650 0.395544 0.135000 0.033958
1 0.079897 0.477822 0.156133 0.238486
1 0.216313 0.218752 0.156133 0.238486
1 0.796759 0.737729 0.156133 0.238486
2 0.214107 0.303068 0.089804 0.024622
2 0.081590 0.552782 0.099891 0.030452
2 0.501329 0.873765 0.099891 0.030452
2 0.802070 0.827776 0.099891 0.030452
8 0.251144 0.377855 0.083878 0.099801
8 0.706612 0.605305 0.083878 0.099801
6 0.644951 0.948984 0.148007 0.086308
4 0.357326 0.944436 0.142473 0.090863
5 0.500207 0.947855 0.140414 0.086175
11 0.459847 0.767530 0.076144 0.131554
11 0.540458 0.770086 0.079194 0.141049
