0 0.504894 0.392981 0.131981 0.033208
1 0.920298 0.469221 0.152630 0.233221
1 0.792774 0.211974 0.152641 0.233221
2 0.788562 0.301182 0.108371 0.039870
2 0.082183 0.547675 0.108371 0.039870
2 0.211438 0.301182 0.108371 0.039870
2 0.922077 0.552500 0.108371 0.031494
2 0.196070 0.828195 0.108371 0.039870
2 0.807646 0.826903 0.108371 0.039857
2 0.502923 0.873565 0.084462 0.034662
7 0.190277 0.745318 0.145580 0.219597
7 0.801949 0.751013 0.145580 0.219584
7 0.078211 0.463461 0.145580 0.219597
7 0.215953 0.213870 0.145580 0.219584
7 0.501555 0.782331 0.145580 0.219597
8 0.803504 0.483396 0.082002 0.097597
9 0.497673 0.766169 0.184718 0.244364
11 0.347401 0.486455 0.077338 0.134519
11 0.426241 0.486818 0.077934 0.135247
11 0.505080 0.486818 0.077338 0.133792
