0 0.504116 0.392643 0.131981 0.033208
1 0.920298 0.469221 0.152630 0.233221
1 0.503184 0.162078 0.152630 0.233221
2 0.788562 0.301182 0.108371 0.039870
2 0.082183 0.547675 0.108371 0.039870
2 0.211438 0.301182 0.108371 0.039870
2 0.922077 0.552500 0.108371 0.031494
2 0.807646 0.826903 0.108371 0.039857
2 0.502923 0.873565 0.084462 0.034662
2 0.502386 0.252156 0.090841 0.032078
2 0.200852 0.824955 0.108371 0.039857
1 0.784824 0.213870 0.152630 0.233221
7 0.812029 0.743890 0.140075 0.232506
7 0.504670 0.790877 0.140075 0.232506
7 0.201944 0.734877 0.140075 0.232506
7 0.082881 0.472006 0.140075 0.232506
7 0.215176 0.225266 0.140085 0.232506
9 0.495660 0.763597 0.184718 0.244364
11 0.830618 0.192188 0.077338 0.132325
11 0.752082 0.191091 0.078541 0.133065
11 0.543147 0.146130 0.076731 0.129403
11 0.464606 0.146130 0.079137 0.133792
11 0.660655 0.483169 0.079137 0.133792
11 0.580916 0.483162 0.073142 0.130870
11 0.503584 0.484623 0.075538 0.133792
11 0.426241 0.483162 0.073142 0.130870
11 0.349803 0.484266 0.074941 0.131597
