0 0.506650 0.394761 0.135000 0.033958
1 0.079897 0.477822 0.156133 0.238486
1 0.216313 0.218752 0.156133 0.238486
1 0.914188 0.457251 0.156133 0.238486
1 0.190490 0.742271 0.156122 0.238486
2 0.214107 0.303068 0.089804 0.024622
2 0.081590 0.552782 0.099891 0.030452
2 0.501329 0.873765 0.099891 0.030452
2 0.503453 0.251248 0.099891 0.030438
7 0.497277 0.176487 0.143290 0.237756
7 0.785212 0.212530 0.143279 0.237756
8 0.251144 0.377855 0.083878 0.099801
8 0.205447 0.487669 0.083878 0.099801
6 0.644951 0.948984 0.148007 0.086308
4 0.357326 0.944436 0.142473 0.090863
5 0.500207 0.947855 0.140414 0.086175
11 0.459847 0.767530 0.076144 0.131554
11 0.540458 0.770086 0.079194 0.141049
