0 0.505549 0.391653 0.134707 0.033958
1 0.787603 0.219509 0.155793 0.238486
2 0.213641 0.303068 0.089609 0.024622
2 0.081413 0.552782 0.099674 0.030452
2 0.500239 0.873765 0.099674 0.030452
2 0.925457 0.549216 0.099674 0.030438
2 0.201207 0.827131 0.099674 0.030438
7 0.924832 0.473433 0.142967 0.237756
7 0.199223 0.733898 0.142967 0.237756
7 0.082489 0.473380 0.142978 0.237756
7 0.215565 0.222371 0.142978 0.237756
6 0.643549 0.948984 0.147685 0.086308
4 0.356549 0.944436 0.142163 0.090863
3 0.501141 0.948831 0.145152 0.085923
11 0.458848 0.767530 0.075978 0.131554
11 0.539283 0.770086 0.079022 0.141049
11 0.579408 0.483552 0.076728 0.131116
11 0.499674 0.484283 0.075543 0.128194
11 0.423228 0.484283 0.073739 0.125246
11 0.344696 0.482450 0.074935 0.127450
