0 0.505122 0.395372 0.131840 0.033381
1 0.195271 0.742885 0.152479 0.234439
1 0.788787 0.208538 0.152468 0.234439
2 0.787723 0.302755 0.108255 0.040078
2 0.499734 0.870033 0.108255 0.040065
2 0.191553 0.824393 0.108255 0.040065
2 0.082096 0.550535 0.108255 0.040078
2 0.212628 0.300366 0.108255 0.040078
7 0.213234 0.211116 0.145426 0.220744
7 0.504277 0.783153 0.145426 0.220744
7 0.502723 0.176736 0.145426 0.220731
7 0.077819 0.462278 0.145426 0.220744
8 0.298835 0.615072 0.081926 0.098107
8 0.757979 0.368688 0.081915 0.098107
9 0.499144 0.772742 0.184521 0.245640
11 0.502074 0.486377 0.078000 0.136854
11 0.423234 0.486377 0.073809 0.135366
11 0.346197 0.487852 0.073202 0.135366
