0 0.506919 0.401311 0.120976 0.028863
1 0.209618 0.210683 0.158098 0.225374
1 0.084748 0.473285 0.158098 0.225374
1 0.195268 0.744352 0.158098 0.225374
1 0.918967 0.466765 0.158098 0.225374
2 0.792220 0.302453 0.078976 0.027478
2 0.498057 0.877916 0.078976 0.027478
2 0.197667 0.829242 0.078976 0.027478
2 0.077041 0.554397 0.078976 0.027478
2 0.212447 0.301496 0.078976 0.027478
7 0.791439 0.209880 0.153756 0.228554
8 0.242801 0.362577 0.062610 0.074925
8 0.202333 0.491411 0.062602 0.074925
6 0.642146 0.953928 0.147057 0.089990
4 0.353122 0.951067 0.144650 0.091087
5 0.501146 0.957358 0.136569 0.085284
9 0.498744 0.783794 0.167081 0.230518
11 0.458951 0.761765 0.082732 0.141157
11 0.542252 0.761765 0.082797 0.141157
