0 0.505431 0.395503 0.131840 0.033381
1 0.499734 0.164517 0.152468 0.234439
1 0.200585 0.740274 0.152468 0.234439
2 0.787723 0.302755 0.108255 0.040078
2 0.499734 0.870033 0.108255 0.040065
2 0.191553 0.824393 0.108255 0.040065
2 0.082096 0.550535 0.108255 0.040078
2 0.215463 0.295581 0.108266 0.040065
7 0.084043 0.477559 0.145426 0.220731
7 0.498830 0.791749 0.145426 0.220731
7 0.213234 0.211116 0.145426 0.220744
7 0.791436 0.217800 0.145426 0.220744
8 0.498835 0.329537 0.081926 0.098107
9 0.499947 0.773779 0.184532 0.245653
11 0.345628 0.484171 0.077936 0.135366
11 0.424734 0.485274 0.079191 0.139060
11 0.502973 0.485274 0.077394 0.136110
11 0.579112 0.486377 0.077394 0.141266
11 0.657947 0.487115 0.075596 0.141253
