0 0.503504 0.395028 0.107988 0.027389
1 0.209068 0.215681 0.151096 0.213860
1 0.078640 0.469593 0.151096 0.213869
1 0.195004 0.740024 0.151096 0.213860
1 0.917110 0.470885 0.151096 0.213860
2 0.923485 0.552403 0.071756 0.023387
2 0.787459 0.303964 0.071764 0.023387
2 0.496282 0.256093 0.071756 0.023387
2 0.209883 0.302025 0.071764 0.023387
2 0.072793 0.551112 0.071756 0.023377
2 0.199258 0.827365 0.071756 0.023377
2 0.502125 0.870714 0.071756 0.023377
7 0.499627 0.167427 0.146946 0.216878
7 0.780936 0.223316 0.146939 0.216868
8 0.801946 0.483893 0.059837 0.071097
8 0.198834 0.484839 0.059829 0.071097
8 0.241636 0.361660 0.059837 0.071097
6 0.638897 0.950681 0.140544 0.085393
4 0.356841 0.951831 0.145524 0.092554
5 0.496453 0.951291 0.136542 0.083037
9 0.501200 0.787223 0.159681 0.218742
11 0.458951 0.764234 0.079736 0.134314
11 0.538660 0.766060 0.079790 0.137966
