0 0.503447 0.392622 0.120976 0.028873
1 0.206431 0.212642 0.158098 0.225384
2 0.498057 0.867418 0.078976 0.027478
2 0.073154 0.546760 0.078976 0.027478
2 0.500390 0.248056 0.078976 0.027478
7 0.086850 0.464307 0.153748 0.228554
7 0.496500 0.166939 0.153748 0.228554
6 0.642146 0.953928 0.147057 0.089990
4 0.353122 0.951067 0.144650 0.091087
3 0.498329 0.955070 0.140252 0.088066
9 0.498744 0.783794 0.167081 0.230518
11 0.458951 0.761765 0.082732 0.141157
11 0.542252 0.761765 0.082797 0.141157
11 0.499687 0.482757 0.083992 0.143360
11 0.415785 0.483126 0.081537 0.145573
11 0.333049 0.482019 0.083935 0.146311
