0 0.505282 0.395437 0.131840 0.033381
1 0.499734 0.164517 0.152468 0.234439
1 0.197926 0.741580 0.152468 0.234439
1 0.080500 0.468381 0.152468 0.234439
1 0.790383 0.214726 0.152468 0.234439
2 0.787723 0.302755 0.108255 0.040078
2 0.499734 0.870033 0.108255 0.040065
2 0.191553 0.824393 0.108255 0.040065
2 0.082096 0.550535 0.108255 0.040078
2 0.214043 0.297977 0.108255 0.040078
7 0.213234 0.211116 0.145426 0.220744
8 0.298835 0.615072 0.081926 0.098107
8 0.208559 0.493792 0.081926 0.098107
6 0.639761 0.929621 0.136862 0.044883
4 0.361059 0.929595 0.139138 0.041253
5 0.499734 0.927833 0.137277 0.042402
9 0.499548 0.773264 0.184521 0.245640
11 0.540144 0.766678 0.076202 0.133903
11 0.463133 0.765940 0.079138 0.136841
