0 0.506207 0.391926 0.131840 0.033381
1 0.082021 0.462846 0.146511 0.223081
2 0.220245 0.295581 0.108255 0.040065
2 0.079968 0.544014 0.108255 0.040065
2 0.502394 0.249941 0.108255 0.040065
2 0.793569 0.293629 0.108266 0.040078
2 0.922160 0.543362 0.108255 0.040065
2 0.810043 0.818525 0.108255 0.040078
2 0.504516 0.868081 0.108266 0.040078
7 0.214005 0.218753 0.174117 0.253146
7 0.495718 0.179602 0.174117 0.253146
7 0.781324 0.211116 0.174117 0.253146
7 0.921840 0.459380 0.145426 0.220744
7 0.810117 0.736358 0.145426 0.220731
6 0.640489 0.929726 0.140511 0.050313
4 0.361527 0.927258 0.139138 0.041253
3 0.500691 0.924471 0.142021 0.047924
9 0.502750 0.777396 0.184521 0.245653
11 0.462532 0.760790 0.077936 0.130953
11 0.542239 0.761162 0.077989 0.133159
11 0.502670 0.483061 0.079191 0.139047
11 0.423532 0.484164 0.075596 0.136841
11 0.346527 0.482330 0.079734 0.136097
11 0.579707 0.483068 0.077394 0.136110
11 0.657346 0.481965 0.074394 0.138316
