0 0.504973 0.395307 0.131840 0.033381
1 0.210149 0.217990 0.152468 0.234439
1 0.798883 0.733107 0.152468 0.234439
2 0.787723 0.302755 0.108255 0.040078
2 0.499734 0.870033 0.108255 0.040065
2 0.082096 0.550535 0.108255 0.040078
2 0.211213 0.302755 0.108255 0.040078
2 0.921096 0.551181 0.108255 0.040065
2 0.801011 0.826345 0.108255 0.040078
2 0.503452 0.251240 0.108266 0.040078
7 0.504277 0.783153 0.145426 0.220744
7 0.502723 0.176736 0.145426 0.220731
7 0.077819 0.462278 0.145426 0.220744
7 0.781319 0.222578 0.145426 0.220744
7 0.915170 0.461325 0.145426 0.220744
9 0.498739 0.772232 0.184521 0.245640
11 0.502074 0.486377 0.078000 0.136854
11 0.423234 0.486377 0.073809 0.135366
11 0.346197 0.487852 0.073202 0.135366
11 0.574915 0.487480 0.075000 0.136110
11 0.654346 0.485274 0.080394 0.133159
