0 0.501614 0.393778 0.128583 0.033348
1 0.208045 0.211712 0.152502 0.231432
1 0.083421 0.466658 0.152493 0.231421
2 0.211763 0.299634 0.084488 0.026803
2 0.076514 0.549031 0.084488 0.026803
2 0.503718 0.252228 0.084479 0.026803
2 0.792244 0.297987 0.084488 0.026803
2 0.924020 0.549031 0.084488 0.026803
2 0.802870 0.822293 0.084479 0.026803
2 0.498403 0.868714 0.084488 0.026814
7 0.499961 0.169715 0.143193 0.208730
7 0.790271 0.214666 0.143185 0.208730
7 0.920232 0.464569 0.143193 0.208730
7 0.801947 0.738412 0.143193 0.208730
7 0.500000 0.788197 0.143185 0.208730
8 0.202725 0.480845 0.067375 0.080893
9 0.499961 0.787282 0.151750 0.218310
11 0.341439 0.485226 0.078539 0.135727
11 0.420577 0.485963 0.076133 0.132766
11 0.500617 0.487438 0.079134 0.135716
11 0.579751 0.485592 0.076737 0.133509
11 0.658587 0.485963 0.078539 0.134252
