0 0.506650 0.393991 0.135000 0.033958
1 0.789319 0.219509 0.156133 0.238486
2 0.214107 0.303068 0.089804 0.024622
2 0.081590 0.552782 0.099891 0.030452
2 0.501329 0.873765 0.099891 0.030452
2 0.503453 0.251248 0.099891 0.030438
2 0.929063 0.555704 0.099891 0.030452
2 0.788257 0.301129 0.099891 0.030438
2 0.804199 0.828426 0.099902 0.030452
2 0.201645 0.827131 0.099891 0.030438
7 0.497277 0.176487 0.143290 0.237756
7 0.926846 0.473433 0.143279 0.237756
7 0.803894 0.740033 0.143279 0.237756
7 0.204668 0.734336 0.143279 0.237756
7 0.080931 0.479130 0.143279 0.237756
7 0.217119 0.237205 0.143279 0.237756
6 0.644951 0.948984 0.148007 0.086308
4 0.357326 0.944436 0.142473 0.090863
3 0.504875 0.946707 0.145458 0.085923
11 0.459847 0.767530 0.076144 0.131554
11 0.540458 0.770086 0.079194 0.141049
11 0.503284 0.489057 0.078007 0.131554
11 0.424450 0.487961 0.073802 0.127902
11 0.345637 0.486135 0.080338 0.130093
