0 0.505590 0.395568 0.131840 0.033381
1 0.789995 0.206018 0.152479 0.234439
1 0.499734 0.169739 0.152468 0.234439
2 0.787723 0.302755 0.108255 0.040078
2 0.918968 0.551834 0.108255 0.040065
2 0.499734 0.870033 0.108255 0.040065
2 0.191553 0.824393 0.108255 0.040065
2 0.076516 0.549883 0.108266 0.040078
2 0.495484 0.249289 0.108266 0.040065
2 0.808447 0.822435 0.108255 0.040065
7 0.921840 0.459380 0.145426 0.220744
7 0.084043 0.477559 0.145426 0.220731
7 0.498830 0.791749 0.145426 0.220731
7 0.797660 0.741129 0.145426 0.220744
7 0.196883 0.739223 0.145426 0.220744
9 0.500346 0.774295 0.184521 0.245640
11 0.340527 0.485640 0.079734 0.135379
11 0.418138 0.487115 0.074404 0.135379
11 0.496372 0.484164 0.078596 0.132428
11 0.577011 0.484902 0.078000 0.135366
11 0.655846 0.484537 0.077394 0.134634
