0 0.503903 0.395071 0.131981 0.033208
1 0.077577 0.467273 0.152641 0.233221
1 0.791709 0.213273 0.152641 0.233221
1 0.918701 0.452377 0.152630 0.233221
2 0.788562 0.301182 0.108371 0.039870
2 0.922077 0.552500 0.108371 0.031494
2 0.807646 0.826903 0.108371 0.039857
2 0.502923 0.873565 0.084462 0.034662
2 0.200852 0.824955 0.108371 0.039857
2 0.073323 0.554753 0.108371 0.039870
2 0.501060 0.249558 0.108381 0.039870
2 0.221571 0.301396 0.108381 0.039857
7 0.812029 0.743890 0.140075 0.232506
7 0.504670 0.790877 0.140075 0.232506
7 0.198056 0.741526 0.140075 0.232506
7 0.219068 0.215773 0.140075 0.232506
7 0.505447 0.174013 0.140075 0.232519
9 0.494457 0.762052 0.184718 0.244364
11 0.349207 0.483532 0.079734 0.133065
11 0.427141 0.483162 0.073749 0.132325
11 0.504478 0.483896 0.076134 0.133792
11 0.582119 0.484260 0.077934 0.134519
11 0.659457 0.483532 0.080341 0.134519
11 0.887274 0.440396 0.076741 0.127208
11 0.964015 0.442955 0.069542 0.126481
11 0.122284 0.443682 0.075538 0.126481
11 0.043445 0.443688 0.076134 0.129403
