0 0.505549 0.392437 0.134707 0.033958
1 0.787603 0.219509 0.155793 0.238486
1 0.212804 0.218898 0.155783 0.238486
1 0.077870 0.468194 0.155739 0.238486
1 0.194207 0.733705 0.155783 0.238486
1 0.799946 0.742802 0.155783 0.238486
2 0.213641 0.303068 0.089609 0.024622
2 0.081413 0.552782 0.099674 0.030452
2 0.500239 0.873765 0.099674 0.030452
2 0.925984 0.551381 0.099685 0.030438
2 0.786543 0.301129 0.099674 0.030438
2 0.201207 0.827131 0.099674 0.030438
2 0.499201 0.257205 0.099685 0.030452
7 0.924832 0.473433 0.142967 0.237756
7 0.494940 0.184336 0.142967 0.237756
8 0.239690 0.371640 0.083707 0.099801
8 0.196886 0.483831 0.083707 0.099801
8 0.758755 0.365943 0.083707 0.099801
6 0.643549 0.948984 0.147685 0.086308
4 0.356549 0.944436 0.142163 0.090863
5 0.498337 0.949967 0.140109 0.086175
11 0.458848 0.767530 0.075978 0.131554
11 0.539283 0.770086 0.079022 0.141049
