0 0.504264 0.394796 0.120967 0.028873
1 0.213870 0.219811 0.158098 0.225384
2 0.498053 0.249960 0.075081 0.024646
2 0.212451 0.297677 0.075081 0.024646
2 0.075484 0.550578 0.075081 0.024646
2 0.200776 0.823519 0.075081 0.024646
2 0.501947 0.871236 0.075081 0.024646
7 0.499610 0.177438 0.153756 0.228554
7 0.189882 0.735723 0.153748 0.228554
7 0.082102 0.471366 0.153748 0.228554
8 0.242801 0.358759 0.062610 0.074925
6 0.642146 0.953928 0.147057 0.089990
4 0.353122 0.951067 0.144650 0.091087
5 0.497411 0.952223 0.136561 0.088774
9 0.498744 0.783794 0.167081 0.230518
11 0.458951 0.761765 0.082732 0.141157
11 0.542252 0.761765 0.082797 0.141157
11 0.581821 0.487901 0.081593 0.146311
11 0.498813 0.489372 0.083333 0.147777
11 0.416980 0.488634 0.080333 0.146301
11 0.334545 0.486062 0.083333 0.147039
