0 0.505858 0.397403 0.120967 0.028863
1 0.213870 0.219811 0.158098 0.225384
1 0.787724 0.217203 0.158098 0.225374
1 0.919500 0.462208 0.158089 0.225374
1 0.807382 0.737183 0.158098 0.225374
1 0.193146 0.738490 0.158098 0.225374
2 0.498142 0.872717 0.075081 0.024636
2 0.803667 0.825155 0.075089 0.024646
2 0.921626 0.550174 0.075089 0.024636
2 0.787728 0.299302 0.075081 0.024646
2 0.215996 0.296047 0.075081 0.024636
2 0.198459 0.826456 0.075081 0.024636
7 0.499610 0.177438 0.153756 0.228554
8 0.242801 0.358759 0.062610 0.074925
8 0.296500 0.613564 0.062610 0.074925
8 0.496500 0.630743 0.062610 0.074925
6 0.641667 0.930449 0.142358 0.045344
4 0.357309 0.931007 0.141805 0.044068
5 0.498813 0.930459 0.137496 0.038385
9 0.498744 0.783794 0.167081 0.230518
11 0.458951 0.761765 0.082732 0.141157
11 0.542252 0.761765 0.082797 0.141157
