0 0.504585 0.392851 0.131981 0.033208
1 0.920298 0.469221 0.152630 0.233221
1 0.196065 0.734883 0.152641 0.233221
1 0.078637 0.459506 0.152630 0.233221
1 0.503184 0.162078 0.152630 0.233221
2 0.788562 0.301182 0.108371 0.039870
2 0.082183 0.547675 0.108371 0.039870
2 0.211438 0.301182 0.108371 0.039870
2 0.922077 0.552500 0.108371 0.031494
2 0.807646 0.826903 0.108371 0.039857
2 0.502923 0.873565 0.084462 0.034662
2 0.502386 0.252156 0.090841 0.032078
7 0.801949 0.751013 0.145580 0.219584
7 0.215953 0.213870 0.145580 0.219584
7 0.794941 0.215773 0.145580 0.219597
8 0.304670 0.609610 0.082013 0.097610
8 0.204281 0.480545 0.082002 0.097610
8 0.503115 0.319214 0.082013 0.097597
6 0.643099 0.949662 0.146603 0.090026
4 0.363397 0.948552 0.139297 0.088870
5 0.503472 0.949695 0.137274 0.084273
9 0.496864 0.765136 0.184718 0.244377
11 0.543445 0.763545 0.076134 0.134519
11 0.464909 0.764273 0.077338 0.133065
