0 0.509413 0.394994 0.134689 0.031336
1 0.496300 0.164381 0.155371 0.219498
2 0.494955 0.873248 0.092721 0.030294
2 0.875397 0.742237 0.092721 0.030282
2 0.856802 0.367371 0.092721 0.030282
2 0.491230 0.255172 0.092721 0.030294
2 0.144262 0.371262 0.092721 0.030294
2 0.128850 0.743536 0.092721 0.030282
7 0.144744 0.280104 0.164689 0.244056
7 0.843579 0.287702 0.164689 0.244056
7 0.873931 0.645803 0.164689 0.244056
7 0.130738 0.660055 0.164689 0.244056
6 0.641195 0.952384 0.140100 0.084203
4 0.358730 0.954841 0.144568 0.090319
5 0.498795 0.953554 0.135944 0.084069
9 0.500989 0.780956 0.174147 0.230588
11 0.535366 0.154951 0.071396 0.117083
11 0.462821 0.154951 0.070201 0.117083
11 0.536265 0.774026 0.072008 0.109767
11 0.463128 0.775116 0.068404 0.113419
