0 0.507804 0.392758 0.109965 0.027824
1 0.497857 0.167367 0.153709 0.215647
1 0.791180 0.217851 0.153700 0.215637
1 0.916579 0.463509 0.153709 0.215637
1 0.201912 0.739140 0.153709 0.215647
1 0.080768 0.464162 0.153709 0.215637
1 0.212542 0.211986 0.153709 0.215637
2 0.500821 0.252057 0.081943 0.026899
2 0.789587 0.299304 0.081943 0.026899
2 0.926677 0.550174 0.081943 0.026899
2 0.803403 0.823852 0.081943 0.026899
2 0.503722 0.872720 0.081943 0.026899
2 0.196065 0.825152 0.081943 0.026888
2 0.078638 0.552127 0.081943 0.026888
2 0.213070 0.297350 0.081952 0.026888
7 0.804689 0.737127 0.145546 0.216714
8 0.757587 0.362573 0.068323 0.081774
8 0.798833 0.483776 0.068332 0.081785
6 0.641690 0.949369 0.141109 0.089075
4 0.359676 0.952769 0.138500 0.088150
5 0.499281 0.952203 0.134002 0.083188
9 0.501903 0.782829 0.153904 0.204744
11 0.462529 0.766534 0.077338 0.130131
11 0.540736 0.765800 0.075599 0.128662
