0 0.505351 0.393175 0.131981 0.033208
1 0.076512 0.464688 0.152641 0.233221
1 0.193408 0.748494 0.152630 0.233221
1 0.920298 0.469221 0.152630 0.233221
1 0.802870 0.738779 0.152641 0.233221
2 0.788562 0.301182 0.108371 0.039870
2 0.082183 0.547675 0.108371 0.039870
2 0.211438 0.301182 0.108371 0.039870
2 0.922077 0.550409 0.108371 0.035675
2 0.196070 0.828195 0.108371 0.039870
2 0.502657 0.872909 0.108381 0.039870
7 0.782151 0.221422 0.145580 0.219597
7 0.208168 0.221461 0.145580 0.219597
8 0.201166 0.488136 0.082013 0.097597
8 0.302338 0.621948 0.082013 0.097610
8 0.692220 0.606760 0.082013 0.097597
8 0.801944 0.487188 0.082013 0.097597
6 0.640298 0.952539 0.144750 0.088948
4 0.358727 0.953104 0.139286 0.088857
5 0.500234 0.954279 0.137274 0.084273
9 0.498876 0.767701 0.184718 0.244364
11 0.461613 0.766831 0.079137 0.135247
11 0.540453 0.767201 0.076134 0.131597
