0 0.509372 0.392230 0.121612 0.029792
1 0.212823 0.210142 0.148709 0.217530
2 0.504782 0.247623 0.082244 0.027005
2 0.791714 0.298492 0.082235 0.027016
2 0.929328 0.550863 0.082235 0.027016
2 0.803931 0.824765 0.082235 0.027016
2 0.498936 0.871066 0.082235 0.027005
2 0.194475 0.827377 0.082235 0.027016
2 0.075980 0.548913 0.082235 0.027005
7 0.499221 0.169530 0.146064 0.217661
7 0.793388 0.213464 0.146064 0.217661
7 0.927102 0.459885 0.145797 0.217650
7 0.803504 0.731137 0.146064 0.217661
7 0.201946 0.739732 0.146064 0.217650
7 0.074323 0.462749 0.146064 0.217650
6 0.639800 0.949131 0.139635 0.088186
4 0.356861 0.953153 0.138994 0.088536
3 0.497885 0.949699 0.141362 0.089016
9 0.500027 0.784781 0.168727 0.229169
11 0.538646 0.765279 0.074942 0.127301
11 0.461901 0.766383 0.073740 0.126557
11 0.500574 0.483831 0.075539 0.133913
11 0.423833 0.483831 0.074346 0.133913
11 0.347093 0.483093 0.075539 0.135388
