0 0.505043 0.393045 0.131981 0.033208
1 0.920298 0.469221 0.152630 0.233221
1 0.209350 0.213273 0.152630 0.233221
2 0.788562 0.301182 0.108371 0.039870
2 0.082183 0.547675 0.108371 0.039870
2 0.211438 0.301182 0.108371 0.039870
2 0.922077 0.552500 0.108371 0.031494
2 0.196070 0.828195 0.108371 0.039870
2 0.807646 0.826903 0.108371 0.039857
2 0.500532 0.255390 0.108371 0.039870
7 0.782151 0.221422 0.145580 0.219597
7 0.190277 0.745318 0.145580 0.219597
7 0.801949 0.751013 0.145580 0.219584
7 0.500777 0.173065 0.145580 0.219584
7 0.078211 0.463461 0.145580 0.219597
8 0.500000 0.625747 0.082002 0.097597
9 0.498067 0.766675 0.184718 0.244364
11 0.461613 0.766831 0.079137 0.135247
11 0.540453 0.767201 0.076134 0.131597
11 0.501778 0.490110 0.080341 0.141831
11 0.344707 0.487182 0.077934 0.138909
11 0.421448 0.488649 0.073142 0.138909
11 0.579116 0.484623 0.073142 0.133792
11 0.654963 0.484994 0.077338 0.134532
