0 0.502838 0.394643 0.131981 0.033208
1 0.920298 0.469221 0.152630 0.233221
1 0.192348 0.747844 0.152641 0.233221
2 0.788562 0.301182 0.108371 0.039870
2 0.922077 0.552500 0.108371 0.031494
2 0.807646 0.826903 0.108371 0.039857
2 0.502923 0.873565 0.084462 0.034662
2 0.200852 0.824955 0.108371 0.039857
2 0.073323 0.554753 0.108371 0.039870
7 0.812029 0.743890 0.140075 0.232506
7 0.504670 0.790877 0.140075 0.232506
7 0.082881 0.472006 0.140075 0.232506
7 0.789494 0.220513 0.140075 0.232506
9 0.495266 0.763078 0.184718 0.244364
11 0.656155 0.487916 0.076145 0.131597
11 0.577620 0.488286 0.073749 0.133792
11 0.498184 0.487916 0.076731 0.134532
11 0.422641 0.489013 0.073142 0.133792
11 0.345005 0.486455 0.073738 0.131610
