0 0.505061 0.396097 0.120967 0.028863
1 0.213870 0.219811 0.158098 0.225384
2 0.498053 0.249960 0.075081 0.024646
2 0.212451 0.297677 0.075081 0.024646
2 0.075484 0.550578 0.075081 0.024646
2 0.200776 0.823519 0.075081 0.024646
2 0.501947 0.871236 0.075081 0.024646
7 0.499610 0.177438 0.153756 0.228554
7 0.189882 0.735723 0.153748 0.228554
7 0.082492 0.471366 0.153748 0.228554
8 0.242801 0.358759 0.062610 0.074925
8 0.496500 0.630743 0.062610 0.074925
8 0.497276 0.331082 0.062602 0.074925
6 0.642146 0.953928 0.147057 0.089990
4 0.353122 0.951067 0.144650 0.091087
5 0.497411 0.952223 0.136561 0.088774
9 0.498744 0.783794 0.167081 0.230518
11 0.458951 0.761765 0.082732 0.141157
11 0.542252 0.761765 0.082797 0.141157
